1716512625928 103.0 103
1716514621171 104.0 104
1716516624972 105.0 105
1716518605926 106.0 106
1716520588975 107.0 107
1716522562546 108.0 108
1716524536148 109.0 109
1716526508999 110.0 110
1716528483853 111.0 111
1716530468169 112.0 112
1716532452675 113.0 113
1716534428756 114.0 114
1716536402123 115.0 115
1716538374787 116.0 116
1716540349440 117.0 117
1716542324024 118.0 118
1716544292048 119.0 119
1716546262582 120.0 120
1716548233737 121.0 121
1716550203825 122.0 122
1716552175291 123.0 123
1716554146539 124.0 124
1716556115759 125.0 125
1716558088598 126.0 126
1716560058472 127.0 127
1716562029585 128.0 128
1716564010994 129.0 129
1716565982777 130.0 130
1716567953863 131.0 131
1716569932977 132.0 132
1716571906221 133.0 133
1716573876550 134.0 134
1716575856854 135.0 135
1716577839589 136.0 136
1716579818629 137.0 137
1716581795728 138.0 138
1716583776271 139.0 139
1716585754760 140.0 140
1716587738786 141.0 141
1716589715910 142.0 142
1716591698720 143.0 143
1716593671896 144.0 144
1716595645775 145.0 145
1716597619222 146.0 146
1716599594479 147.0 147
1716601569585 148.0 148
1716603539326 149.0 149
1716605508661 150.0 150
1716607482172 151.0 151
1716609445753 152.0 152
1716611416568 153.0 153
1716613385770 154.0 154
1716615355500 155.0 155
1716617325175 156.0 156
1716619298061 157.0 157
1716621268192 158.0 158
1716623237377 159.0 159
1716625206963 160.0 160
1716627182955 161.0 161
1716629153812 162.0 162
1716631125999 163.0 163
1716633097123 164.0 164
1716635063027 165.0 165
1716637030358 166.0 166
1716638998096 167.0 167
1716640965452 168.0 168
1716642940468 169.0 169
1716644909996 170.0 170
1716646880555 171.0 171
1716648852396 172.0 172
1716650822923 173.0 173
1716652794349 174.0 174
1716654766508 175.0 175
1716656740166 176.0 176
1716658718801 177.0 177
1716660698455 178.0 178
1716662673997 179.0 179
1716664646906 180.0 180
1716666616067 181.0 181
1716668592183 182.0 182
1716670573287 183.0 183
1716672552355 184.0 184
1716674531930 185.0 185
1716676509572 186.0 186
1716678490045 187.0 187
1716680461454 188.0 188
1716682433864 189.0 189
1716684406586 190.0 190
1716686375726 191.0 191
1716688346325 192.0 192
1716690321158 193.0 193
1716692313292 194.0 194
1716694335054 195.0 195
1716696318020 196.0 196
1716698284288 197.0 197
1716700249796 198.0 198
1716702221994 199.0 199
1716704188997 200.0 200
1716706169055 201.0 201
1716708149513 202.0 202
1716710119285 203.0 203
1716712103600 204.0 204
1716714077396 205.0 205
1716716045316 206.0 206
1716718009169 207.0 207
1716719981567 208.0 208
1716721948532 209.0 209
1716723923738 210.0 210
1716725898986 211.0 211
1716727868785 212.0 212
1716729838902 213.0 213
1716731810981 214.0 214
1716733777679 215.0 215
1716735749387 216.0 216
1716737722524 217.0 217
1716739694592 218.0 218
1716741665792 219.0 219
1716743639285 220.0 220
1716745613129 221.0 221
1716747587576 222.0 222
1716749563330 223.0 223
1716751535289 224.0 224
1716753509905 225.0 225
1716755489343 226.0 226
1716757469136 227.0 227
1716759449765 228.0 228
1716761431308 229.0 229
1716763411921 230.0 230
1716765395364 231.0 231
1716767374026 232.0 232
1716769349274 233.0 233
1716771320320 234.0 234
1716773297136 235.0 235
1716775275799 236.0 236
1716777259562 237.0 237
1716779237964 238.0 238
1716781218158 239.0 239
1716783193682 240.0 240
1716785169059 241.0 241
1716787144855 242.0 242
1716789115528 243.0 243
