1716512625929 7148008.0 103
1716514621171 7148008.0 104
1716516624973 7148008.0 105
1716518605927 7148008.0 106
1716520588977 7148008.0 107
1716522562546 7148008.0 108
1716524536148 7148008.0 109
1716526509000 7148008.0 110
1716528483854 7148008.0 111
1716530468171 7148008.0 112
1716532452675 7148008.0 113
1716534428757 7148008.0 114
1716536402124 7148008.0 115
1716538374787 7148008.0 116
1716540349442 7148008.0 117
1716542324025 7148008.0 118
1716544292049 7148008.0 119
1716546262583 7148008.0 120
1716548233740 7148008.0 121
1716550203826 7148008.0 122
1716552175292 7148008.0 123
1716554146539 7148008.0 124
1716556115761 7148008.0 125
1716558088599 7148008.0 126
1716560058472 7148008.0 127
1716562029587 7148008.0 128
1716564010995 7148008.0 129
1716565982779 7148008.0 130
1716567953864 7148008.0 131
1716569932978 7148008.0 132
1716571906222 7148008.0 133
1716573876550 7148008.0 134
1716575856856 7148008.0 135
1716577839590 7148008.0 136
1716579818661 7148008.0 137
1716581795729 7148008.0 138
1716583776273 7148008.0 139
1716585754761 7148008.0 140
1716587738970 7148008.0 141
1716589715911 7148008.0 142
1716591698721 7148008.0 143
1716593671897 7148008.0 144
1716595645899 7148008.0 145
1716597619223 7148008.0 146
1716599594479 7148008.0 147
1716601569617 7148008.0 148
1716603539328 7148008.0 149
1716605508661 7148008.0 150
1716607482173 7148008.0 151
1716609445875 7148008.0 152
1716611416568 7148008.0 153
1716613385771 7148008.0 154
1716615355501 7148008.0 155
1716617325333 7148008.0 156
1716619298063 7148008.0 157
1716621268192 7148008.0 158
1716623237378 7148008.0 159
1716625206985 7148008.0 160
1716627182957 7148008.0 161
1716629153813 7148008.0 162
1716631126001 7148008.0 163
1716633097139 7148008.0 164
1716635063028 7148008.0 165
1716637030359 7148008.0 166
1716638998103 7148008.0 167
1716640965477 7148008.0 168
1716642940470 7148008.0 169
1716644909997 7148008.0 170
1716646880682 7148008.0 171
1716648852397 7148008.0 172
1716650822924 7148008.0 173
1716652794351 7148008.0 174
1716654766611 7148008.0 175
1716656740166 7148008.0 176
1716658718803 7148008.0 177
1716660698457 7148008.0 178
1716662673997 7148008.0 179
1716664646907 7148008.0 180
1716666616067 7148008.0 181
1716668592185 7148008.0 182
1716670573287 7148008.0 183
1716672552355 7148008.0 184
1716674531930 7148008.0 185
1716676509573 7148008.0 186
1716678490046 7148008.0 187
1716680461455 7148008.0 188
1716682433865 7148008.0 189
1716684406587 7148008.0 190
1716686375727 7148008.0 191
1716688346326 7148008.0 192
1716690321160 7148008.0 193
1716692313293 7148008.0 194
1716694335055 7148008.0 195
1716696318021 7148008.0 196
1716698284288 7148008.0 197
1716700249797 7148008.0 198
1716702221995 7148008.0 199
1716704188999 7148008.0 200
1716706169057 7148008.0 201
1716708149515 7148008.0 202
1716710119286 7148008.0 203
1716712103602 7148008.0 204
1716714077397 7148008.0 205
1716716045317 7148008.0 206
1716718009169 7148008.0 207
1716719981568 7148008.0 208
1716721948533 7148008.0 209
1716723923739 7148008.0 210
1716725898987 7148008.0 211
1716727868786 7148008.0 212
1716729838903 7148008.0 213
1716731810983 7148008.0 214
1716733777679 7148008.0 215
1716735749388 7148008.0 216
1716737722527 7148008.0 217
1716739694592 7148008.0 218
1716741665793 7148008.0 219
1716743639286 7148008.0 220
1716745613130 7148008.0 221
1716747587577 7148008.0 222
1716749563354 7148008.0 223
1716751535290 7148008.0 224
1716753509906 7148008.0 225
1716755489366 7148008.0 226
1716757469137 7148008.0 227
1716759449766 7148008.0 228
1716761431331 7148008.0 229
1716763411922 7148008.0 230
1716765395365 7148008.0 231
1716767374049 7148008.0 232
1716769349276 7148008.0 233
1716771320321 7148008.0 234
1716773297159 7148008.0 235
1716775275823 7148008.0 236
1716777259563 7148008.0 237
1716779237965 7148008.0 238
1716781218181 7148008.0 239
1716783193683 7148008.0 240
1716785169061 7148008.0 241
1716787144879 7148008.0 242
1716789115529 7148008.0 243
