1716512625922 0.0003707749373929093 103
1716514621166 0.0003707749373929093 104
1716516624713 0.00036850752860437735 105
1716518605923 0.0003662276724362071 106
1716520588946 0.00036393561890032727 107
1716522562542 0.00036163161934621484 108
1716524536143 0.0003593159264334547 109
1716526508996 0.0003569887941038116 110
1716528483847 0.00035465047755356465 111
1716530468126 0.0003523012332055116 112
1716532452670 0.00034994131868074476 113
1716534428753 0.00034757099277052015 114
1716536402118 0.0003451905154077363 115
1716538374783 0.0003428001476385768 116
1716540349429 0.00034040015159385935 117
1716542323888 0.0003379907904600738 118
1716544292045 0.0003355723284509414 119
1716546262573 0.0003331450307780482 120
1716548233539 0.000330709163621872 121
1716550203818 0.00032826499410275876 122
1716552175288 0.0003258127902513788 123
1716554146535 0.00032335282097961605 124
1716556115723 0.0003208853560507585 125
1716558088587 0.00031841066605010334 126
1716560058468 0.0003159290223554083 127
1716562029376 0.0003134406971067376 128
1716564010984 0.0003109459631771222 129
1716565982767 0.00030844509414215714 130
1716567953836 0.00030593836425033786 131
1716569932973 0.0003034260483928752 132
1716571906212 0.0003009084220735037 133
1716573876546 0.00029838576137830407 134
1716575856658 0.00029585834294543434 135
1716577839584 0.00029332644393486435 136
1716579818624 0.00029079034199778445 137
1716581795718 0.00028825031524640346 138
1716583776009 0.00028570664222326376 139
1716585754753 0.0002831596018707527 140
1716587738781 0.00028060947350058284 141
1716589715907 0.00027805653676304693 142
1716591698153 0.00027550107161641613 143
1716593671887 0.0002729433582962745 144
1716595645770 0.0002703836772846822 145
1716597619173 0.0002678223092795337 146
1716599594475 0.00026525953516365336 147
1716601569576 0.00026269563597414164 148
1716603539315 0.000260130892871428 149
1716605508629 0.00025756558710847356 150
1716607482169 0.00025500000000000457 151
1716609445749 0.00025243441289151064 152
1716611416564 0.00024986910712857733 153
1716613385618 0.0002473043640258664 154
1716615355489 0.0002447404648363545 155
1716617325172 0.00024217769072047837 156
1716619297957 0.00023961632271530785 157
1716621268188 0.00023705664170371512 158
1716623237373 0.0002344989283835736 159
1716625206958 0.0002319434632369612 160
1716627182880 0.00022939052649943197 161
1716629153807 0.00022684039812925522 162
1716631125992 0.00022429335777673999 163
1716633097119 0.00022174968475359539 164
1716635062996 0.00021920965800221136 165
1716637030354 0.00021667355606513962 166
1716638998087 0.0002141416570545661 167
1716640965442 0.0002116142386217044 168
1716642940340 0.00020909157792648963 169
1716644909991 0.0002065739516071123 170
1716646880546 0.00020406163574965099 171
1716648852392 0.00020155490585783877 172
1716650822918 0.0001990540368228986 173
1716652793854 0.00019655930289325086 174
1716654766500 0.00019407097764461914 175
1716656740162 0.00019158933394987352 176
1716658718787 0.00018911464394926936 177
1716660698362 0.0001866471790203931 178
1716662673993 0.0001841872097486088 179
1716664646903 0.00018173500589725486 180
1716666616063 0.00017929083637813296 181
1716668592075 0.00017685496922198077 182
1716670573281 0.00017442767154905598 183
1716672552346 0.00017200920953991066 184
1716674531926 0.0001695998484061473 185
1716676509569 0.00016719985236140713 186
1716678489927 0.00016480948459224716 187
1716680461451 0.0001624290072294718 188
1716682433859 0.00016005868131924064 189
1716684406481 0.00015769876679448412 190
1716686375723 0.00015534952244643263 191
1716688345767 0.00015301120589620792 192
1716690321148 0.00015068407356655408 193
1716692313202 0.00014836838065378184 194
1716694334947 0.00014606438109969418 195
1716696318014 0.0001437723275638104 196
1716698284284 0.0001414924713956287 197
1716700249787 0.00013922506260708714 198
1716702221987 0.00013697034984507515 199
1716704188878 0.00013472858036428625 200
1716706169024 0.00013249999999999682 201
1716708149502 0.00013028485314115366 202
1716710119281 0.00012808338270358776 203
1716712103549 0.00012589583010331055 204
1716714077393 0.0001237224352301438 205
1716716045310 0.00012156343642131733 206
1716718009164 0.00011941907043538481 207
1716719981462 0.00011728957242623314 208
1716721948528 0.00011517517591730929 209
1716723923688 0.00011307611277604997 210
1716725898983 0.00011099261318834195 211
1716727868775 0.00010892490563341811 212
1716729838899 0.00010687321685871144 213
1716731810833 0.00010483777185501954 214
1716733777675 0.00010281879383181241 215
1716735749383 0.00010081650419279543 216
1716737722374 9.883112251157614e-05 217
1716739694588 9.68628665076259e-05 218
1716741665581 9.491195202242922e-05 219
1716743639144 9.297859299570305e-05 220
1716745612921 9.10630014420771e-05 221
1716747587465 8.916538742775141e-05 222
1716749563287 8.72859590474727e-05 223
1716751535157 8.542492240174665e-05 224
1716753509886 8.358248157422405e-05 225
1716755489219 8.175883860929987e-05 226
1716757469066 7.995419348996559e-05 227
1716759449762 7.816874411589904e-05 228
1716761431156 7.640268628175631e-05 229
1716763411883 7.465621365566255e-05 230
1716765395353 7.29295177580375e-05 231
1716767373922 7.122278794053585e-05 232
1716769349219 6.953621136532244e-05 233
1716771320229 6.786997298451473e-05 234
1716773297078 6.622425551993234e-05 235
1716775275660 6.459923944304506e-05 236
1716777259556 6.299510295517133e-05 237
1716779237961 6.141202196795675e-05 238
1716781218017 5.985017008406971e-05 239
1716783193679 5.830971857817575e-05 240
1716785169049 5.679083637813672e-05 241
1716787144575 5.529369004650399e-05 242
1716789115525 5.3818443762242886e-05 243
