1716512625924 4.329857786448835 103
1716514621168 4.347008645629806 104
1716516624736 4.335958475451008 105
1716518605924 4.323052519278751 106
1716520588969 4.332485600293492 107
1716522562543 4.3269568158091785 108
1716524536145 4.31283302663518 109
1716526508997 4.299208338359754 110
1716528483849 4.311773593524854 111
1716530468162 4.308048862538082 112
1716532452672 4.300501778543138 113
1716534428754 4.289963627509552 114
1716536402119 4.309259866972526 115
1716538374784 4.275870369635611 116
1716540349432 4.274071881001134 117
1716542324019 4.272145145898052 118
1716544292046 4.277352391244125 119
1716546262576 4.27545323936964 120
1716548233728 4.2726180406687835 121
1716550203820 4.2676256855043 122
1716552175289 4.271169157670461 123
1716554146537 4.245862996883148 124
1716556115754 4.248253312995203 125
1716558088590 4.230751867726934 126
1716560058469 4.239626433971307 127
1716562029528 4.238707492200972 128
1716564010987 4.228948643310464 129
1716565982770 4.2300384095151555 130
1716567953858 4.220260461552633 131
1716569932975 4.225468116793796 132
1716571906215 4.207223609101763 133
1716573876547 4.20119649791222 134
1716575856843 4.211684466170655 135
1716577839585 4.221641222826487 136
1716579818627 4.192332062122824 137
1716581795721 4.193694743559324 138
1716583776031 4.1803227305698165 139
1716585754755 4.194175111685249 140
1716587738782 4.181496449130521 141
1716589715908 4.17591043446752 142
1716591698489 4.157639696872492 143
1716593671890 4.166917547047567 144
1716595645771 4.169696059301317 145
1716597619213 4.150815605688438 146
1716599594476 4.140880004202814 147
1716601569578 4.153997184656602 148
1716603539318 4.159762124839923 149
1716605508657 4.132244339568628 150
1716607482170 4.143079418215534 151
1716609445751 4.1325955154608005 152
1716611416565 4.1299637428385845 153
1716613385765 4.126518244699513 154
1716615355492 4.10530196839004 155
1716617325173 4.115233497177478 156
1716619298051 4.121811067267097 157
1716621268190 4.101184561622324 158
1716623237375 4.0962899468785565 159
1716625206960 4.08776757528456 160
1716627182939 4.110617846941396 161
1716629153808 4.095686229108144 162
1716631125994 4.081290910712821 163
1716633097120 4.0825736043836285 164
1716635063022 4.075413382501244 165
1716637030355 4.065553639289573 166
1716638998090 4.069101389506452 167
1716640965445 4.070973856843633 168
1716642940459 4.055574317010854 169
1716644909993 4.052834304878942 170
1716646880549 4.048762718312365 171
1716648852393 4.04649775653339 172
1716650822919 4.051260287670209 173
1716652794304 4.035652469245078 174
1716654766503 4.0151767727854155 175
1716656740163 4.01771645280097 176
1716658718793 4.00690426848394 177
1716660698446 4.013359406773898 178
1716662673995 4.008229788258779 179
1716664646904 3.9904500296075853 180
1716666616064 3.9979396228977055 181
1716668592173 4.005065687316404 182
1716670573283 3.987611541121031 183
1716672552353 3.981299453216205 184
1716674531927 4.00296512629679 185
1716676509570 3.9850681481792107 186
1716678490040 3.9712830313580403 187
1716680461452 3.975287928188638 188
1716682433860 3.9573221829393024 189
1716684406581 3.9552687777699136 190
1716686375724 3.9615539311886216 191
1716688346034 3.9490142700959927 192
1716690321151 3.9479822541693514 193
1716692313287 3.94706048901609 194
1716694335049 3.9563738890022018 195
1716696318016 3.933076295206587 196
1716698284285 3.9336371476129948 197
1716700249790 3.917304756305963 198
1716702221989 3.9163651837052393 199
1716704188982 3.9046391902877082 200
1716706169048 3.909631474269666 201
1716708149505 3.8964064517657726 202
1716710119282 3.9007329314732724 203
1716712103567 3.90119204599318 204
1716714077394 3.904600508445554 205
1716716045312 3.88159229491445 206
1716718009166 3.8735680307129874 207
1716719981536 3.86827584355474 208
1716721948529 3.858724173357923 209
1716723923705 3.8753777609454643 210
1716725898984 3.8574033937484717 211
1716727868778 3.8551600721719073 212
1716729838900 3.855910827454141 213
1716731810947 3.847065248077722 214
1716733777676 3.8338640747691612 215
1716735749384 3.843127818368703 216
1716737722484 3.837782558348539 217
1716739694590 3.813712984728489 218
1716741665582 3.833696999233499 219
1716743639247 3.8229447564632775 220
1716745612923 3.8130500192741317 221
1716747587468 3.8284381717610225 222
1716749563305 3.806512112335431 223
1716751535159 3.787393891077629 224
1716753509887 3.7994982886085693 225
1716755489317 3.7829574507584485 226
1716757469067 3.790634810114555 227
1716759449763 3.769297691081449 228
1716761431271 3.7802937067479347 229
1716763411884 3.762008713541938 230
1716765395356 3.775271677332435 231
1716767373990 3.7438126486077676 232
1716769349220 3.770647598637475 233
1716771320316 3.742144272243567 234
1716773297100 3.7373450088272278 235
1716775275752 3.744875706023545 236
1716777259558 3.7401084085162597 237
1716779237962 3.735699994720334 238
1716781218111 3.724392283115265 239
1716783193680 3.719687041285322 240
1716785169052 3.7276456046828645 241
1716787144597 3.7085994285740536 242
1716789115526 3.7046508007198216 243
