1716274188961 0.0 0
1716276202675 1.0 1
1716278192223 2.0 2
1716280177559 3.0 3
1716282218689 4.0 4
1716284296125 5.0 5
1716286370426 6.0 6
1716288444299 7.0 7
1716290516573 8.0 8
1716292592557 9.0 9
1716294668720 10.0 10
1716296739989 11.0 11
1716298812680 12.0 12
1716300887675 13.0 13
1716302960047 14.0 14
1716305032774 15.0 15
1716307101033 16.0 16
1716309173547 17.0 17
1716311241671 18.0 18
1716313314355 19.0 19
1716315384127 20.0 20
1716317453106 21.0 21
1716319525976 22.0 22
1716321601051 23.0 23
1716323666514 24.0 24
1716325737855 25.0 25
1716327813677 26.0 26
1716329881913 27.0 27
1716331953527 28.0 28
1716334026700 29.0 29
1716336098008 30.0 30
1716338172500 31.0 31
1716340245327 32.0 32
1716342317003 33.0 33
1716344385063 34.0 34
1716346475534 35.0 35
1716348545207 36.0 36
1716350610024 37.0 37
1716352673447 38.0 38
1716354745093 39.0 39
1716356825190 40.0 40
1716358900414 41.0 41
1716360980307 42.0 42
1716363068422 43.0 43
1716365149932 44.0 44
1716367232787 45.0 45
1716369315124 46.0 46
1716371399973 47.0 47
1716373469520 48.0 48
1716375540585 49.0 49
1716377620547 50.0 50
1716379700430 51.0 51
1716381786545 52.0 52
1716383868335 53.0 53
1716385946935 54.0 54
1716388029761 55.0 55
1716390114258 56.0 56
1716392196768 57.0 57
1716394268488 58.0 58
1716396334839 59.0 59
1716398410281 60.0 60
1716400477315 61.0 61
1716402550460 62.0 62
1716404621811 63.0 63
1716406688943 64.0 64
1716408755223 65.0 65
