1716274188962 7148008.0 0
1716276202676 7148008.0 1
1716278192224 7148008.0 2
1716280177560 7148008.0 3
1716282218691 7148008.0 4
1716284296126 7148008.0 5
1716286370433 7148008.0 6
1716288444300 7148008.0 7
1716290516574 7148008.0 8
1716292592559 7148008.0 9
1716294668721 7148008.0 10
1716296739990 7148008.0 11
1716298812680 7148008.0 12
1716300887677 7148008.0 13
1716302960048 7148008.0 14
1716305032775 7148008.0 15
1716307101035 7148008.0 16
1716309173548 7148008.0 17
1716311241673 7148008.0 18
1716313314356 7148008.0 19
1716315384128 7148008.0 20
1716317453107 7148008.0 21
1716319525977 7148008.0 22
1716321601052 7148008.0 23
1716323666515 7148008.0 24
1716325737856 7148008.0 25
1716327813678 7148008.0 26
1716329881914 7148008.0 27
1716331953528 7148008.0 28
1716334026701 7148008.0 29
1716336098010 7148008.0 30
1716338172501 7148008.0 31
1716340245329 7148008.0 32
1716342317004 7148008.0 33
1716344385064 7148008.0 34
1716346475535 7148008.0 35
1716348545209 7148008.0 36
1716350610025 7148008.0 37
1716352673449 7148008.0 38
1716354745094 7148008.0 39
1716356825192 7148008.0 40
1716358900421 7148008.0 41
1716360980308 7148008.0 42
1716363068425 7148008.0 43
1716365149933 7148008.0 44
1716367232788 7148008.0 45
1716369315125 7148008.0 46
1716371399976 7148008.0 47
1716373469521 7148008.0 48
1716375540587 7148008.0 49
1716377620548 7148008.0 50
1716379700431 7148008.0 51
1716381786546 7148008.0 52
1716383868336 7148008.0 53
1716385946942 7148008.0 54
1716388029762 7148008.0 55
1716390114259 7148008.0 56
1716392196769 7148008.0 57
1716394268489 7148008.0 58
1716396334841 7148008.0 59
1716398410282 7148008.0 60
1716400477316 7148008.0 61
1716402550461 7148008.0 62
1716404621812 7148008.0 63
1716406688944 7148008.0 64
1716408755225 7148008.0 65
