1716274188958 6.929604562447607 0
1716276202671 6.915492115927925 1
1716278192220 6.804261853083147 2
1716280177555 6.602843282510527 3
1716282218683 6.45226390003491 4
1716284296120 6.333908013493228 5
1716286370417 6.218384381011426 6
1716288444294 6.0868248140021 7
1716290516559 5.984685917743009 8
1716292592548 5.88631251571085 9
1716294668715 5.795225479524675 10
1716296739983 5.704135499602789 11
1716298812675 5.652206734215898 12
1716300887669 5.566015222470918 13
1716302960041 5.502810376915905 14
1716305032768 5.455045306615883 15
1716307101026 5.414675817262831 16
1716309173542 5.374048725020685 17
1716311241559 5.337975761492094 18
1716313314252 5.297376715117316 19
1716315384122 5.268450587011165 20
1716317453083 5.217121122075881 21
1716319525970 5.187030199620364 22
1716321601046 5.145586431598206 23
1716323666506 5.12740995057767 24
1716325737852 5.108377462144283 25
1716327813672 5.077675360951016 26
1716329881677 5.057151721249953 27
1716331953518 5.032149264995429 28
1716334026679 5.014762211760742 29
1716336098001 4.983586748059896 30
1716338172495 4.9541079222346 31
1716340245321 4.950074508369302 32
1716342316996 4.947456808684827 33
1716344385059 4.8988129538502525 34
1716346475528 4.886424839734841 35
1716348545203 4.8608990025272565 36
1716350610020 4.856266088956456 37
1716352673442 4.832974598752699 38
1716354745089 4.814345783371624 39
1716356825177 4.78555278378806 40
1716358900383 4.7900298495086835 41
1716360980302 4.777711519234472 42
1716363068188 4.7518422487351915 43
1716365149928 4.735018810684637 44
1716367232780 4.734339338364742 45
1716369315120 4.729086280107308 46
1716371399964 4.701163014252599 47
1716373469514 4.7032003042032775 48
1716375540573 4.680450779833286 49
1716377620542 4.6774029995707105 50
1716379700424 4.66226406996961 51
1716381786540 4.643542721879473 52
1716383868330 4.64487498998642 53
1716385946891 4.649816936202091 54
1716388029757 4.621567127611235 55
1716390114249 4.6087189279586 56
1716392196762 4.600482883546754 57
1716394268483 4.619270631354109 58
1716396334810 4.60246310979247 59
1716398410277 4.586497074408497 60
1716400477310 4.58360622131186 61
1716402550447 4.573393164111747 62
1716404621806 4.555466173554686 63
1716406688938 4.5567411351070515 64
1716408755218 4.560468744078605 65
