1716274188956 1.0000000000000031e-06 0
1716276202670 1.0000000000000031e-06 1
1716278192218 0.00010080000000000542 2
1716280177554 0.00020059999999999593 3
1716282218574 0.00030039999999998714 4
1716284296010 0.00040019999999998425 5
1716286370319 0.000499664236014881 6
1716288444200 0.000499516548464919 7
1716290516449 0.0004993420469199941 8
1716292592424 0.0004991407505161414 9
1716294668607 0.000498912681327739 10
1716296739888 0.0004986578643652313 11
1716298812567 0.0004983763275721028 12
1716300887572 0.0004980681018220637 13
1716302959966 0.000497733220915508 14
1716305032649 0.0004973717215759342 15
1716307100925 0.0004969836434458365 16
1716309173456 0.0004965690290822783 17
1716311241360 0.0004961279239524568 18
1716313314140 0.000495660376428546 19
1716315384023 0.0004951664377823394 20
1716317452950 0.0004946461621797627 21
1716319525885 0.0004940996066749878 22
1716321600952 0.0004935268312039219 23
1716323666402 0.0004929278985778884 24
1716325737779 0.0004923028744765295 25
1716327813514 0.0004916518274408407 26
1716329881653 0.0004909748288654357 27
1716331953433 0.0004902719529908737 28
1716334026552 0.0004895432768953596 29
1716336097896 0.0004887888804865131 30
1716338172391 0.00048800884649231874 31
1716340245229 0.0004872032604523678 32
1716342316904 0.0004863722107081728 33
1716344385057 0.00048551578839377355 34
1716346475373 0.00048463408742551914 35
1716348545202 0.0004837272044918164 36
1716350610019 0.00048279523904262386 37
1716352673362 0.00048183829327845106 38
1716354745087 0.0004808564721391758 39
1716356825075 0.0004798498832925489 40
1716358900127 0.00047881863712243917 41
1716360980282 0.00047776284671652405 42
1716363068118 0.000476682627854165 43
1716365149926 0.00047557809899355006 44
1716367232672 0.000474449381258659 45
1716369315102 0.0004732965984261389 46
1716371399948 0.0004721198769116645 47
1716373469402 0.0004709193457559335 48
1716375540500 0.00046969513661076476 49
1716377620540 0.00046844738372442965 50
1716379700334 0.0004671762239272047 51
1716381786502 0.000465881796615963 52
1716383868328 0.00046456424373931177 53
1716385946788 0.00046322370978178144 54
1716388029739 0.0004618603417479841 55
1716390114135 0.0004604742891466235 56
1716392196732 0.0004590657039740024 57
1716394268375 0.00045763474069726595 58
1716396334743 0.0004561815562377556 59
1716398410265 0.0004547063099534968 60
1716400477283 0.0004532091636218677 61
1716402550339 0.00045169028142180245 62
1716404621764 0.00045014982991594326 63
1716406688912 0.0004485879780320444 64
1716408755169 0.0004470048970448498 65
