1716427279107 66.0 66
1716429390687 67.0 67
1716431483500 68.0 68
1716433624432 69.0 69
1716435745141 70.0 70
1716437856509 71.0 71
1716439998303 72.0 72
1716442075130 73.0 73
1716444087921 74.0 74
1716446074831 75.0 75
1716448059405 76.0 76
1716450038695 77.0 77
1716452041093 78.0 78
1716454017315 79.0 79
1716456006298 80.0 80
1716457984924 81.0 81
1716459957621 82.0 82
1716461938053 83.0 83
1716463907233 84.0 84
1716465896041 85.0 85
1716467878385 86.0 86
1716469951454 87.0 87
1716472002774 88.0 88
1716474083392 89.0 89
1716476135973 90.0 90
1716478249362 91.0 91
1716480326579 92.0 92
1716482393447 93.0 93
1716484447373 94.0 94
1716486478867 95.0 95
1716488581668 96.0 96
1716490682413 97.0 97
1716492741554 98.0 98
1716494835061 99.0 99
1716496901278 100.0 100
1716499018052 101.0 101
1716501057863 102.0 102
