1716427279109 7148008.0 66
1716429390688 7148008.0 67
1716431483501 7148008.0 68
1716433624435 7148008.0 69
1716435745142 7148008.0 70
1716437856510 7148008.0 71
1716439998306 7148008.0 72
1716442075133 7148008.0 73
1716444087921 7148008.0 74
1716446074833 7148008.0 75
1716448059406 7148008.0 76
1716450038696 7148008.0 77
1716452041095 7148008.0 78
1716454017316 7148008.0 79
1716456006299 7148008.0 80
1716457984925 7148008.0 81
1716459957623 7148008.0 82
1716461938054 7148008.0 83
1716463907233 7148008.0 84
1716465896043 7148008.0 85
1716467878386 7148008.0 86
1716469951458 7148008.0 87
1716472002778 7148008.0 88
1716474083394 7148008.0 89
1716476135975 7148008.0 90
1716478249364 7148008.0 91
1716480326582 7148008.0 92
1716482393449 7148008.0 93
1716484447376 7148008.0 94
1716486478871 7148008.0 95
1716488581670 7148008.0 96
1716490682427 7148008.0 97
1716492741556 7148008.0 98
1716494835064 7148008.0 99
1716496901286 7148008.0 100
1716499018056 7148008.0 101
1716501057867 7148008.0 102
