1716427279101 4.523816095410491 66
1716429390660 4.542665591295198 67
1716431483474 4.529755725706224 68
1716433624391 4.512359816536343 69
1716435745114 4.519557092496626 70
1716437856270 4.513051997843406 71
1716439998270 4.498282688270084 72
1716442075097 4.483683384770303 73
1716444087917 4.493349856419338 74
1716446074804 4.489995309774824 75
1716448059403 4.480465309130107 76
1716450038685 4.467632667909709 77
1716452041064 4.4902345552909475 78
1716454017310 4.456837380961549 79
1716456006296 4.448241874897223 80
1716457984919 4.4433004080439265 81
1716459957614 4.447210984311992 82
1716461938013 4.446717772743018 83
1716463907231 4.44700819454033 84
1716465896013 4.441763206970968 85
1716467878359 4.442826146654469 86
1716469951412 4.418892267367823 87
1716472002741 4.416828373639132 88
1716474083152 4.399460941291065 89
1716476135943 4.404923002878062 90
1716478249335 4.402049923162285 91
1716480326518 4.3894037959291685 92
1716482393416 4.39490668493495 93
1716484447323 4.38428359933132 94
1716486478834 4.387757642520703 95
1716488581411 4.379616639930472 96
1716490682380 4.3650393189667325 97
1716492741503 4.379534251207738 98
1716494834807 4.386656936695822 99
1716496901219 4.357791899062461 100
1716499017806 4.356267455479891 101
1716501057603 4.342023213752073 102
