1716427279099 0.0004437757444800794 66
1716429390553 0.0004437757444800794 67
1716431483334 0.0004421300270155058 68
1716433624376 0.0004404637886346848 69
1716435744992 0.00043877721205945686 70
1716437856238 0.0004370704822419633 71
1716439998161 0.00043534378634434113 72
1716442075024 0.00043359731371825225 73
1716444087915 0.0004318312558840952 74
1716446074678 0.0004300458065100512 75
1716448059402 0.0004282411613907236 76
1716450038680 0.0004264175184257709 77
1716452040779 0.00042457507759826707 78
1716454017308 0.0004227140409525152 79
1716456006295 0.00042083461257225185 80
1716457984918 0.00041893699855790505 81
1716459957611 0.0004170214070042827 82
1716461937924 0.00041508804797760304 83
1716463907229 0.00041313713349235665 84
1716465895994 0.0004111688774884038 85
1716467878281 0.0004091834958072109 86
1716469951396 0.00040718120616820025 87
1716472002562 0.0004051622281449939 88
1716474083129 0.000403126783141271 89
1716476135840 0.00040107509436659205 90
1716478249262 0.0003990073868116467 91
1716480326238 0.0003969238872239821 92
1716482393388 0.0003948248240827002 93
1716484447283 0.00039271042757374523 94
1716486478768 0.000390580929564594 95
1716488581378 0.00038843656357867616 96
1716490682310 0.00038627756476983916 97
1716492741387 0.0003841041698966716 98
1716494834781 0.00038191661729639184 99
1716496901110 0.00037971514685885513 100
1716499017778 0.00037750000000000847 101
1716501057573 0.0003752714196356938 102
